8
10
40
59
82
92
114
214
223
284
387
401
402
417
436
439
463
518
535
536
537
591
606
609
640
645
659
660
675
705
821
823
877
883
1040
1045
1052
1061
1087
1089
1167
1196
1248
1287
1325
1348
1384
1425
1432
1490
1548
1575
1579
1591
1609
1621
1626
1669
1685
1735
1742
1749
1802
1862
1871
1921
1936
1976
1980
1987
2008
2013
2060
2207
2373
2445
2449
2465
2520
2587
2598
2646
2651
2660
2667
2672
2686
2768
2781
2825
2851
2908
2913
2914
2920
2952
2965
2974
2983
2984
2992
3053
3091
3160
3167
3190
3203
3206
3257
3323
3336
3339
3363
3396
3437
3533
3566
3580
3590
3624
3637
3639
3704
3740
3780
3865
3884
3897
3968
4024
4037
4167
4175
4203
4220
4246
4252
4292
4334
4359
4397
4410
4411
4414
4419
4431
4451
4477
4484
4517
4560
4616
4634
4710
4725
4730
4766
4791
4816
4819
4820
4822
4838
4897
4928
4958
4966
4968
4971
4987
4993
5022
5027
5052
5060
5071
5079
5108
5151
5193
5207
5252
5278
5320
5360
5405
5483
5517
5535
5541
5554
5647
5689
5719
5735
5783
5799
5810
5811
5812
5813
5914
5933
5938
5949
5954
5958
6068
6127
6196
6210
6213
6227
6232
6251
6268
6308
6311
6317
6318
6380
6409
6421
6429
6507
6570
6571
6580
6590
6603
6690
6697
6720
6851
6899
6905
6961
7024
7041
7051
7065
7134
7158
7236
7238
7293
7377
7378
7383
7389
7432
7495
7532
7592
7605
7670
7707
7716
7827
7851
7857
7864
7893
7957
7983
7984
7996
